BootJump,0,3
OEMName,3,8
BytesPerSec,11,2
SecPerClus,13,1
RsvdSecCnt,14,2
NumFATs,16,1
RootEntCnt,17,2
TotSec16,19,2
Media,21,1
FatSz16,22,2
SecPerTrk,24,2
NumHeads,26,2
HiddSec,28,4
TotSec32,32,4
FatSz32,36,4
ExtFlags,40,2
FSVer,42,2
RootClus,44,4
FSInfo,48,2
BkBootSec,50,2
Reserved,52,12
DrvNum,64,1
Reserved1,65,1
BootSig,66,1
VolID,67,4
VolLab,71,11
FilSysType,82,8